$ANSIBLE_VAULT;1.1;AES256
64643061396435396630666130653638623264383330626663323438623338613965656465303264
3138643434356138623364663938613632306235393637660a616361313562663331616165373732
31653061653262663234636131373332643030646265343635393138353465656236376161323561
3533623731343938650a643463346531666465386433393665363931653337383231393731373634
62356631656362383634353861313132373136356366363835666536396638386131333734396435
37366563303537656263653133633931376666656432376162383331663932366635356130383932
37356536346637623833373830376663353765633130643034353632323734383235373234633036
30343032343361386333306330333165353937363465393964316436336662336563303034356462
39646261393734363032393464303433353537363430636432346464343837373639393634333938
35656232653738666637323363393265383532623461343335643064646534343738306435613065
32636336353139636661656166373261313062653339363232333864333333363634633364346333
39373565303435356333396230393039323835663261386165643938663164343635613965306264
37316363656235666235373066323434346431613734656139356234666334343963303765306465
33306466306534623532366234646461316166386432363364386138656561366232623761303931
61623462623964613464333366383232623537343932643165356565616538353935646433316438
31313432623330303664
